-10-

urbe expuleruntet epropere cedere finibus suis iusserunt,
quia oleum disperderent. ep. m. 21 :„quidsrt 1111111,
quodt e impediat, quia parum ipse dispiciS, dieanr“.
epm. 123, 6; ,quam 1111111 autem paramur, quia 1111
paraverunt, quia apud plerosque sunt“.

Ne igitur longus sim, in reliquis quae in censum
veniunt exemplis afferendis 11111 habebo 11111 tantum
indicare subtiliore illa philosophorum distinetione neglecta:
(1.11112Π1421117,1,1113,4,11112,3(ι,ιι11
unusquisquee. q. 1,,) 11113,3, 11113, 3, 11117,7,
1Π18, 6, 11118, 6, Π11 1,,,33111134, 11120, 6,
11 2, 1, 11 10, 6 (ndu irascetur sapiens 1,1.1.),1111,1,
11 15, 1, 11 16, 3, 11 19, 4, 11 13, 4, 11 13, 5,
1120, 3, 1121,1, 11 26, 2, 1126, 4, 1128, 3,
’ 1123, 2, 1131, 1, 1131, 3, 1131, 7, 11 31, 8,
12,1,15,8,18,1,112,5,112,7,120,2,
111111111111111Ἦ11
117,4,1122, 3, 111 7, 1, 11111, 2, 111 11, 4,
11112,1, 11112,3, 111111, 11124,1, 11126, 5,
11118,1,111183,1Χ2,8,1Χ2,11,1Χ3,2,
11111, 11114, 111111, 111113 111111,
Χ4,4, Χ8,,1Χ111,2, Χ110,2, Χ112,,2Χ1]21)·
111114 4,,2 Χ1118,11,ΧΠ20,11·Ρ<1111 11113· de
11111122,,15 7,18,6,112,4,121,,4114,,2
117,2.(111)11.11,10,12,,213,5,13,3,14,,3
14,4,113,2,114,3,111,3,114,2,111414,1,
1113,1,1113,2, 1124, 3, 11 27, 4, 1123, 5, 11 32, 2,
Π32,3,Π34,2,1Η1,2,1111,2,1113,4,1115,1,
1Π6, 2, 1113,1, ΠΙ 11, 1, 111 11, 1, 1Π 12, 4,
11111,1,11111,’1;11111,1,11111,1,111111,
111 11, 1, ΠΙ 11, 1, 11111, 1, 111114, 111, 1,
Ι18,1112,113,2,Ι13,3,1113,3,1114,3,
1115, 3, 11 16, 1, 1120, 3, 11 21, 4, 1124, 2,

’1111Ν11μνηῃψ11η111

 

