-11..

IV34, 3, IV 38, 1, 117 39, 1, IV 39, 3, 118, 2,
13,4,13,3,13,4,13,4, 113,1,111,1,
113,4,114,1,113,1,113,3,113,1,113,1,
111 8, 3, VI 12, 2, 171135, VI 14, 3, 11115, 1,
V113,1, 11 13, 1, 1113,3,1113,3,1113,1,
11 11, 1, 1111, 3, 1113, 1, 1113, 3, 1113, 3,
11 13, 1, 11 13, 1, 1131, 2, 1131, 3, 11431,
VII 1, 6, 11114, 8, 11116, 1, VH 7, 3, 111111,
VII 12, 4, VII 16, 4, VII 15, 6, 11113, 2, 1131311.
Ipr01.5,11,11,12,4,12,5;12,7,12,1,
13,1,13,1;13,3,13,1,13,3,13,11,14,1,
15,6,15,9;15,11,16,2,16,6,17,3,Ι7,3,
13, 1,13, 3,13, 3,13,1,13,1,111,1,111,1,
Ι 13, 2, I 14, 4, I 14, 4, I 14, 6, 1 15, 3, Ι 16, 4,
116,9,117,2, 111,2;111,3,111,4,114,1,
114, 2, 11 10, 2, H 18, 1123, 2, 11 27, 4, 1123,
1131,1;1131,3,11343,1133,1,1131,3,1133,3,
1133,4,1141,1,1143,1,1131,1,1131,1,1131,1;
1153, 2,11 57, 3, Π 58, 1, 1158, 2, H 58, 3, III
3133110, 1116, 2, 1119, 3, 111 10, 3, ΙΠ 11, 2,
111 11, 5, ΠΙ 11, 6, ΙΙΙ 15, 7,ΙΙΙ 16, 5, ΠΙ 24, 3,
ΙΠ 25, 1,ΙΠ15,1, 11113,1,11113,1, 1173133112,

111,14,111,11,111,11,113,3,113,1,11
11,4;1111,3,1113,3,1113,11,11,1,11,3,
V9, 1 (restituendum videtur cum G. Muellero de L.
Annaei Senecae quaest. 1131. p. 42: ,31113331 vere aquosus
est: ex pluribus“ 3. q. 3.), V 9, 2, V10, 2, V 12,2,
111, 21), V 14, 1, 113, 5, 1131, 11 11, 1,
VI 13, 3, 11115, VI 31, 1, VH 8, 3, VH 14, 3,

——-—-—.

¹1 suadente 3111311313 1. 3. p. 39 praefero codicum ELB 133-
tionem: ,31 in nos cadit (sc. spiritus) vehemens 31 acer, quia
(Haasius: quod) non susus neque per apertum venit, sed laborat
31 iter sibi vi 33 pugna parat“.

 

